X1	X2	X3	X4	X5	X6	X28	X29	X30	X31	X32	X33	X34	X35	X36	X39	X40	X45	X46	X49	X50	X90	X103	X104	X105	X109	X111	X113	X134	X153	X154	X155	X156	X157	FZ1_sal_CB
5116277		1293507	0.252821925005233		751521	17199	0.323581426851294	636952.331257		11258.789671421	57044	0.0895577222983484	186449	0.292720492335824	10151.065759	3041.8835045	50597.5583498		0.20062362869018	0.0601191757805844	4437463	5365528.16702036	3685605.72074335	4160792.69775815	70182231.8081318	13204720	4437463	0.0632277270995227	1053.545637		27073.731		7477.01	10895
5134926.67	18649.6699999999	1279175	0.249112612936301	-14332	775758	18534	0.332669215443433	661342.807396	0.0382924670216159	11635.6461955484	63387	0.0958459051661615	198264	0.299790060136366	11020.607296	3089.4662309	52388.1439383	0.035388774614795	0.21036453035976	0.0589726224036227	4544694	5669556.94381591	3857737.07176153	4333038.27192773	72796414.5999201	13631398	4544694	0.0624301900715449	1091.705206	0.0362201386061078	28642.417	0.0579412567850364	7803.812	10674
5152560.1	17633.4299999997	1262662	0.245055268739126	-16513	804952	19679	0.334711024934517	693631.93978	0.0488235934872213	12146.0411929568	68262	0.0984124231961561	210258	0.303126179666247	11725.357805	3116.2781141	54342.0055241	0.0372958734346677	0.215769692191429	0.0573456589252667	4623891	6027246.56575282	4090517.06154113	4550229.35772878	75757904.6453798	14033649	4623891	0.0610350962271762	1130.983368	0.035978725560827	32639.665	0.139556937530796	8124.28	9699
5169106.32	16546.2200000006	1245374	0.240926365778447	-17288	831329	20669	0.343241941644386	705949.069896	0.0177574436954368	12305.9802663261	70342	0.0996417489584096	221675	0.314009904471801	12345.995652	3109.931747	55126.447304	0.0144352747443615	0.223957759946271	0.0564145142503015	4335227	6319688.98861379	4274590.68627603	4725880.17107352	76321347.1581044	13825792	4335227	0.0568022861417698	1142.118544	0.00984557007207928	34079.207	0.0441040678573141	8351.632	7376
5179707.86	10601.54	1227349	0.236953325008565	-18025	850798	21277	0.333762098228992	737357.859674	0.0444915803665937	12809.7555661427	72192	0.0979063273725969	227752	0.308875801636798	12793.740787	3144.3619703	56531.5371022	0.0254884881380346	0.226311567716104	0.0556213775793058	4268046	6573806.4142675	4404767.08560389	4825606.11774618	78559083.9039347	13849732	4268046	0.0543291213173914	1179.867059	0.0330513108278538	35838.53	0.0516245287045557	8772.358	6453
5193955.06	14247.1999999992	1216110	0.234139492150323	-11239	868502	21882	0.331696225557071	762171.542682	0.0336521577446406	13197.8388959263	73615	0.0965858679805293	234535	0.307719439608958	13405.141451	3202.7800668	57913.3530733	0.0244432761239432	0.231468922789418	0.055302963769794	4363409	6886906.01416919	4527720.61679383	4897995.03409727	81321710.424022	14713145	4363409	0.0536561390217768	1218.27265	0.0325507782483145	37919.178	0.0580561758531949	9368.61	6424
5205519.71	11564.6500000003	1211307	0.232696650379218	-4803	860556	22604	0.333717187822955	780751.625191	0.0243778224041517	13476.7786827579	78910	0.101069274086616	242661	0.31080434823384	14036.100144	3290.8294737	59889.0605633	0.0341148868983527	0.234368347273781	0.0549487576319843	4304574	7278194.21378623	4669157.25122654	4995408.75711539	83087591.5357211	14787532	4304574	0.0518076637008954	1252.265516	0.0279025109855335	40073.649	0.0568174499985205	9733.849	6430
5220953.89	15434.1799999997	1209632	0.231687930115008	-1675	852540	23316	0.333380994595213	801518.655833	0.0265987671007659	13792.3917559206	85965	0.107252650171515	249957	0.311854250903524	14374.960649	3373.3495113	60919.233378	0.0172013520501156	0.235967523750739	0.0553741293881454	4680233	7434398.68767406	4659822.76814514	4960560.49640322	86526495.4901242	15432871	4680233	0.0540901717270426	1292.776897	0.0323504723897546	42474.007	0.0598986630840631	10174.049	6569
5238486.63	17532.7400000002	1206544	0.230323008383816	-3088	844514	23867	0.33008782241892	829494.68473	0.0349037775894626	14229.0312333464	117502	0.141654916135173	256191	0.308851888645182	14952.205513	3519.0254356	63626.5071543	0.0444403782874535	0.234999628012576	0.0553075375812481	4827336	7629928.6780646	4699611.86904698	4947927.43134724	90720382.0671702	16417193	4827336	0.0532111515626753	1351.895775	0.0457301473573597	44044.079	0.0369654786749929	10581.959	6877
5259953	21466.3700000001	1206720	0.229416498588485	176	836855	24600	0.333125694011863	850548.410488	0.0253813871813453	14540.9208851115	125339	0.14736257037749	263500	0.309800120429145	15363.381422	3651.7986388	65822.7378472	0.0345175429412453	0.233405384286268	0.0554792881340979	5056333	7862850.91925664	4830524.79955889	4978357.89070582	91432296.699761	16309980	5056333	0.055301388923912	1400.999298	0.0363219738592646	46293.787	0.0510785570064934	11062.238	7182
5306883.24	46930.2400000002	1212528.48	0.228482223023245	5808.47999999998	834435.71	25205	0.323988379865289	899441.573676	0.0574842802421412	15256.4342751236	130866	0.145496943692688	270271	0.300487555734618	15921.310742	3848.2636733	70101.9863238	0.065011705932588	0.227116399647504	0.0548952158862508	5725843	8434769.58925658	5161056.55598116	5228992.27508491	97830427.789805	17473367	5725843	0.0585282424840495	1478.585062	0.0553788742869162	49614.632	0.0717341400477779	11756.033	7710
5353081.61	46198.3700000001	1218336.95	0.227595437312976	5808.46999999997	832597.66	26591	0.325630663727651	945821.035938	0.051564730405387	15922.9828238224	136466	0.144283109398875	283307	0.299535524412434	16612.524669	3955.134699	73292.5762329	0.0455135449994629	0.226660400314089	0.0539636468287302	6196440	8781332.58956125	5313683.96617402	5323272.40384905	103449893.278741	18643301	6196440	0.0598979834933611	1538.199904	0.0403188450445741	51987.323	0.0478224044874504	12304.515	8292
5398665.39	45583.7800000002	1224145.39	0.226749631912268	5808.43999999994	831288.16	27638	0.326512770833826	983490.670105	0.0398274438140847	16438.6122666028	135636	0.137912848716215	296497	0.301474135965464	17237.396645	4129.1346399	75774.7448287	0.0338665758986625	0.227482081054416	0.0544922275783906	6534583	9381678.6723572	5605508.95356662	5639961.50588893	107826485.694538	19107587	6534583	0.0606027633925846	1587.829163	0.032264505329211	54314.84	0.0447708569260241	12672.4	8552
5443741.46	45076.0699999993	1229953.86	0.225939065813019	5808.4700000002	830460.54	28782	0.331452393016721	1008200	0.0251241121508168	16736.133789704	140481	0.139338424915691	309692	0.307173179924618	18219.048895	4308.777291	78425.2387444	0.0349785924280155	0.232311041530632	0.0549412071927887	6882146	9722548.90621851	5705146.75657778	5895078.44381945	110564631.794071	18863405	6882146	0.0622454566919571	1630.665795	0.0269781113725523	57656.916	0.0615315446018068	13117.573	9027
5488407.17	44665.71	1235762.34	0.225158648351522	5808.47999999998	830073.56	30200	0.332720041424747	1053100	0.0445348145209284	17366.6680442915	144818	0.137515905422087	324097	0.307755198936473	19238.140906	4525.2943294	82267.4007108	0.0489913964931904	0.233848896887226	0.0550071387973964	7408064	10350505.9222897	5858224.82465183	6292875.36142322	114417341.684833	18815003	7408064	0.0647459894707726	1704.018549	0.0449833155419807	62361.09	0.0815890673028713	13834.686	9982
5532751.22	44344.0500000007	1241570.81	0.224403874425426	5808.46999999997	830090.81	31372	0.332859416445623	1082000	0.0274427879593581	17730.8297335764	153108	0.141504621072089	337089	0.311542513863216	20490.707616	4735.3293528	86076.9018956	0.0463063273165976	0.238051174760594	0.0550127763490295	7918078	10693374.0444053	5906248.7147818	6478322.35796847	118249330.33544	19122719	7918078	0.0669608696940494	1765.904922	0.0363178986732967	67415.355	0.0810483748760645	14600.413	10825
5576854.31	44103.0899999989	1247379.26	0.22367076324072	5808.44999999995	830480.14	34240	0.340144839712705	1131100	0.0453789279112754	18421.8934143583	159097	0.140656882680576	350412	0.309797542215542	21805.291538	4946.5809289	90369.5363699	0.0498697604092024	0.241290288894996	0.0547372613338713	8737624	11024513.0473023	6148486.47081276	6685762.19409484	123572567.996553	19109097	8737624	0.0707084439666554	1848.150728	0.0465743115472215	73207.08	0.085911065809859	15584.544	11719
5629841	52986.6900000004	1257739	0.223405776468643	10359.74	845706	35744	0.339836470811941	1190600	0.0526036601538326	19266.3669737381	163729	0.137518058121955	365967	0.307380312447505	22804.596597	5229.3455573	95018.8339	0.0514476195946114	0.2400008046931	0.0550348319660867	9802117	11375996.4855803	6332250.86695925	6900228.39683193	129359600.727784	19981226	9802117	0.0757741748185116	1941.360221	0.0504339238071062	79281.541	0.0829764143030974	16526.359	12356
5673265	43424	1265628	0.223086353272763	7889	866327	37223	0.342352865433609	1227500	0.0309927767512179	19755.4079322751	173461	0.141312423625255	379146	0.308876578411405	23973.437476	5171.6980483	98310.8218033	0.0346456356932832	0.2438534948265	0.0526055825130576	9723996	11397203.7670134	6103076.98657453	6919551.22997204	127727965.680544	19056417	9723996	0.0761305165097541	1992.379974	0.0262804153748034	83179.468	0.0491656311271749	16952.411	12186
5710506.01	37241.0099999997	1270376.47	0.222463030031904	4748.46999999997	891200.63	39238	0.360892159117038	1228000	0.000407331975560081	19658.7859108427	167339	0.136269543973941	399370	0.32521986970684	24378.856485	5066.9780802	96794.2861642	-0.015425927800037	0.2518625577097	0.052347904829883	9446094	11724654.8670224	6071597.07504142	7150538.43894445	126710053.226539	17911789	9446094	0.0745488914215178	1936.422252	-0.0280858685241935	83478.954	0.00360047986842143	16342.124204	11619
5747451	36944.9900000002	1277642	0.222297153990526	7265.53000000002	915967	40231	0.36180258282672	1256600	0.0232899022801303	20020.7026109921	171816	0.136730861053637	411836	0.327738341556581	25310.620743	5211.5411558	99688.8783923	0.0299045774581122	0.25389613316138	0.0522780598984304	9237707	12085300.4558378	6173246.26861457	7413641.87553138	128937631.727516	18316818	9237707	0.0716447702368384	1995.288991	0.0303997431031383	87629.05436828	0.0497143312107145	16783.361557508	11125
5775089.41	27638.4100000001	1281110.16	0.221833822655916	3468.15999999991	941606.87	41698	0.366022366180369	1281900	0.0201336940951775	20324.9246851544	181117	0.141287931975973	421163	0.328545908417193	25898.928003	5319.0048359	102249.728909	0.0256884274153677	0.25329092095735	0.052019745114765	9576760	12511101.4330142	6313930.67443574	7767690.5857391	134247020.486101	19075277	9576760	0.0713368532524826	2058.368881	0.0316144128918311	90980.4206349068	0.0382449210571406	17236.5123195607	10774
5810712	35622.5899999998	1287967	0.221653904031038	6856.84000000008	968451	43433	0.379635861442045	1288200	0.00491457992043061	20326.2603038771	197548	0.153351963980748	437179	0.339371991926719	27058.477878	5324.7863836	103845.7755404	0.0156092993930619	0.260564069527058	0.0512759075262378	9343638	12772456.1497466	6385257.59465096	8017165.29262638	136337382.837891	19671420	9343638	0.0685332064141926	2088.804383	0.0147862233445807	93693.854830955	0.0298243751470105	17322.6948811585	10536
5846178	35466	1295474	0.221593321311804	7507	994762	44383	0.388843623237925	1289700	0.00116441546343735	20247.0799885188	207335	0.160762192758006	450191	0.349066449561914	27912.636339	5271.3327582	105163.5511289	0.0126897370802275	0.265421203823625	0.0501250927875084	9574545	13082615.192068	6594472.34713083	8316862.0380077	137378414.550003	20056630	9574545	0.0696946826134398	2117.1891	0.0135889780924497	96341.3587852811	0.0282569647614861	17495.9218299701	10201
5881073	34895	1302861	0.221534573707893	7387	1022361	45475	0.390641777838864	1306900	0.0133364348298054	20411.3385274455	210747	0.161257173463922	460806	0.352594689723774	28012.701249	5295.5980917	105820.1494689	0.00624359231836145	0.264719917611086	0.0500433813246158	9343181	13216023.0416826	6689450.49144101	8455684.02870808	144085862	20467459	9343181	0.064844536933124	2149.765	0.0153863913242326	99586.8822303375	0.0336877482939572	17898.3280320594	9751
5913497.02	32424.0200000004	1307444.09	0.221094909759505	4583.09000000008	1052560.32	46109	0.39307269999318	1320800	0.010635855842069	20540.950794476	214419	0.162340248334343	467499	0.353951393095094	28557.009987	5404.8014471	107858.3578662	0.0192610614096612	0.264763997449557	0.0501101774032638	8958239	13290885.3757594	6741425.58178477	8531071.12095094	146504856	20962094	8958239	0.061146362274845	2198.432	0.0226382883710547	103435.447314125	0.0386453014452853	18506.8711851494	9505
5942247.37	28750.3499999986	1310467.51	0.220533987968259	3023.41999999992	1072165.65	46995	0.400236767569017	1331000	0.00772259236826166	20622.9843418936	217039	0.163064613072878	476477	0.357984222389181	29108.578263	5485.43317	109794.2925282	0.0179488608977485	0.265119229722471	0.0499610047452248	9122521	13472961.2524403	6840925.82818556	8661908.71784354	148380692	20974035	9122521	0.06148051257235	2228.568	0.0137079518493178	106848.817075491	0.033	19006.5567071485	9634
5967969.76	25722.3900000015	1312171.03	0.219868914014068	1703.52000000001	1090458.61	47869	0.394894054264411	1367200	0.0271975957926371	21111.9519572913	222092	0.16	485344	0.3538	29628.800762	5578.6329858	112909.765008	0.0283755412787036	0.262411322527336	0.0494078876650282	9431258	13744771.3294006	6982575.32513733	8843770.59336271	152203967	21174416	9431258	0.0619646004364656	2291.70536	0.0283309102526825	110802.223307284	0.037	19690.7927486058	9878
6003271.31	35301.5499999998	1314553.63	0.218972883636005	2382.59999999986	1103495.27	48914.3048243576	0.394567303722026	1394544	0.022	21428.3601535603	221732.496	0.159	493110.7584	0.3536	30783.4235956566	5650.35283806894	114534.321042187	0.0143880915354972	0.268770297981843	0.0493332722161747	9809393.469183	13954122.1253748	7090777.93813641	8982089.02380975	155704658.241	21798652.15374	9809393.469183	0.063	2360.4565208	0.03	114901.905569654	0.037	20360.2797020584	
6037407.43	34136.1199999991	1316694.14	0.218089329777103	2140.51	1115663.93	50148.8262707763	0.394327572703519	1429407.6	0.022	21867.1838480568	226561.1046	0.1585	505295.5866	0.3535	31290.1584781762	5664.16590849823	115684.651818969	0.0100435464786015	0.270478045152793	0.0489621208988199	10204260.4824822	14124082.8518739	7178081.16040699	9093325.06468411	159441570.038784	22640702.9455073	10204260.4824822	0.064	2419.46793382	0.025	119153.276075731	0.037	21093.2497713325	
6071969.92	34562.4900000002	1318939.57	0.217217737798016	2245.43000000016	1127297.43	50940.3318359343	0.394460102196636	1450848.714	0.022	22098.0070830562	229234.096812	0.158	513165.1901418	0.3537	31869.7572702681	5684.72885668569	117051.803710863	0.0118179194076079	0.272270535437384	0.0485659227492804	10612430.9017815	14350705.1854496	7293730.25145039	9240159.70663282	163268167.719715	23184079.8161995	10612430.9017815	0.065	2479.9546321655	0.025	123800.253842684	0.039	21831.5135133291	
6104013.4	32043.4799999995	1320693.94	0.216364849395645	1754.36999999987	1137820.6	51726.0712253334	0.394415087117229	1472611.44471	0.0149999999999999	22343.984914579	232672.60826418	0.158	521009.929138398	0.3538	32444.4819270763	5707.30224132454	118375.108281232	0.01130528986668	0.274081961977984	0.0482137023922742	11034315.8471692	14580422.0442261	7410725.34689994	9388543.20688152	167186603.744988	23907684.3355333	11034315.8471692	0.066	2554.35327113046	0.03	128999.864504077	0.042	22551.953459269	
6135077.38	31063.9800000013	1322298.28	0.215530823508537	1604.34000000008	1147592.17	52715.7607577934	0.394472719779615	1499118.45071478	0.0180000000000001	22657.3955259895	236860.715212935	0.158	530538.01970796	0.3539	33103.7637540817	5745.23385050504	119967.861564281	0.0134551368626012	0.275938599908644	0.047889774607899	11277070.7958069	14901017.5535085	7573796.1309694	9595220.19780916	170864709.027378	24433653.390915	11277070.7958069	0.066	2637.3697524422	0.0325	134417.858813248	0.042	23273.6159699656	
6167134.5	32057.1199999991	1324199.42	0.214718751472017	1901.13999999989	1156968.49	53732.2203474236	0.394573462196008	1526102.58282765	0.018	22981.4420148808	241124.208086768	0.158	540240.314320987	0.354	33598.9692445033	5804.19486981151	121430.838402396	0.0121947396497628	0.276692228156767	0.0477983595120841	11502612.2117231	15139345.434505	7694994.58511042	9748809.36463682	174282003.207925	24748044.4555254	11502612.2117231	0.066	2729.67769377768	0.035	140063.408883405	0.042	23995.0980650345	
6199190.36	32055.8599999994	1326191.19	0.21392974130254	1991.77000000001	1165815.77	54876.2379219161	0.394595521439227	1556624.6344842	0.0199999999999999	23354.143373909	245946.692248503	0.158	551045.120607406	0.354	33929.2450909932	5838.71986252182	122554.978173284	0.00925744881347459	0.276849179011071	0.0476416376515225	11732664.4559575	15442087.3167145	7848903.50043271	9943818.98771672	177767643.272084	25243005.3446359	11732664.4559575	0.066	2825.2164130599	0.035	145946.072056508	0.042	24714.9510069856	
